Rank: 4
	[0.5289733108920414,                             0.9968282736746715,                             0.973875511131304,                             0.9129545454545455,                             0.8206818181818182,                             0.6820454545454545,                             0.5077272727272727,                             0.28954545454545455,                             0.05522727272727273,                             0.0]
Rank: 9
	[0.5435453983940705,                             0.995475113122172,                             0.9936421435059037,                             0.927970915700977,                             0.8359463758236765,                             0.6990909090909091,                             0.5202272727272728,                             0.3015909090909091,                             0.06522727272727273,                             0.0]
Rank: 16
	[0.56657223796034,                             0.9934522465567849,                             0.9986372927549398,                             0.9431818181818182,                             0.8547727272727272,                             0.7188636363636364,                             0.5327272727272727,                             0.31795454545454543,                             0.0740909090909091,                             0.0]
Rank: 25
	[0.46203927333823375,                             0.9927797833935018,                             0.9995456610631531,                             0.9591002044989775,                             0.8743181818181818,                             0.740909090909091,                             0.553409090909091,                             0.3286363636363636,                             0.08318181818181818,                             0.0]
Rank: 36
	[0.5079658277534057,                             0.990990990990991,                             0.9990917347865577,                             0.9847727272727272,                             0.8965909090909091,                             0.769090909090909,                             0.5763636363636364,                             0.3386363636363636,                             0.07840909090909091,                             0.0]
