Rank: 4
	[0.0903443186874003,                             0.3039668486098687,                             0.8359335681932561,                             0.8807857436922896,                             0.6332734889287852,                             0.35746008882487096,                             0.16958818585664545,                             0.06478146013448607,                             0.018972142170989432,                             0.0]
Rank: 9
	[0.10407265272447717,                             0.36943932905859644,                             0.829337586602203,                             0.9175341669089851,                             0.7245105062082139,                             0.42785204723937414,                             0.20512512752805617,                             0.08242285988714132,                             0.029298751200768493,                             0.0]
Rank: 16
	[0.1096304392196625,                             0.39983191259454914,                             0.865609565895503,                             0.9603048959249487,                             0.8100161357795972,                             0.49385159858436806,                             0.23436186817144916,                             0.09239913544668588,                             0.028158021133525456,                             0.0]
Rank: 25
	[0.12032112610920022,                             0.46785613936499015,                             0.8951669265093275,                             0.9719104424986778,                             0.8732150325625859,                             0.5496013906371756,                             0.24618893290121233,                             0.09275936599423631,                             0.02893852065321806,                             0.0]
Rank: 36
	[0.12164028083197569,                             0.4845186823419858,                             0.9007790521532136,                             0.9782659912828366,                             0.9170402247325324,                             0.6301517787509748,                             0.29022574447646493,                             0.10428674351585014,                             0.03067963496637848,                             0.0]
