Rank: 4
	[0.2514724078198466,                             0.25423559198214696,                             0.9946263973328103,                             0.8938004329856327,                             0.41113953946073606,                             0.0593583940169258,                             0.003306435740995867,                             0.0,                             0.0,                             0.0]
Rank: 9
	[0.2514724078198466,                             0.26235348789177465,                             0.985634973017044,                             0.9423735485140721,                             0.5263137177720921,                             0.09317063570163353,                             0.004880928950993899,                             3.93623302499508e-05,                             0.0,                             0.0]
Rank: 16
	[0.2514724078198466,                             0.30259177207651444,                             0.9926102596183922,                             0.9602062504920098,                             0.5968510135800039,                             0.1281637472938398,                             0.00940759692973824,                             0.0003148986419996064,                             0.0,                             0.0]
Rank: 25
	[0.25147489705416537,                             0.32554652861426486,                             0.9923825149419899,                             0.9845318219388357,                             0.7112773076166109,                             0.1829561110017713,                             0.013461916945483172,                             0.000393623302499508,                             0.0,                             0.0]
Rank: 36
	[0.25150477171029184,                             0.3893009286217782,                             0.9958055664445316,                             0.9933084038575084,                             0.801535130879748,                             0.2541625664239323,                             0.019877976776225152,                             0.00047234796299940957,                             0.0,                             0.0]
