Rank: 4
	[0.15108613422673728,                             0.625503355704698,                             0.9989281886387996,                             1.0,                             0.9939198855507868,                             0.49105865522174535,                             0.18168812589413447,                             0.12804005722460657,                             0.009298998569384835,                             0.0]
Rank: 9
	[0.20228621038923456,                             0.6809547004383829,                             0.9943100995732574,                             1.0,                             1.0,                             0.8472818311874106,                             0.2246065808297568,                             0.15343347639484978,                             0.04792560801144492,                             0.0]
Rank: 16
	[0.28568509246960255,                             0.752827140549273,                             0.9996424740793708,                             1.0,                             1.0,                             0.948140200286123,                             0.29506437768240346,                             0.16201716738197425,                             0.059012875536480686,                             0.0]
Rank: 25
	[0.32751552067471007,                             0.8156359393232205,                             1.0,                             1.0,                             1.0,                             0.9892703862660944,                             0.44420600858369097,                             0.15915593705293277,                             0.05507868383404864,                             0.0]
Rank: 36
	[0.3903392433337987,                             0.9270557029177718,                             1.0,                             1.0,                             1.0,                             0.9989270386266095,                             0.5718884120171673,                             0.1659513590844063,                             0.060085836909871244,                             0.0]
